0.000002161414027
0.000003349719822
0.000267490168334
0.000004891797258
0.000000108731192
0.000020808491259
0.000111677325224
0.000062794683545
0.000025393813318
0.000006594104606
0.000407108097659
0.000090804716543
0.000077674679635
0.000035708999970
0.000010831630046
0.000004625118032
0.000023492082319
0.000001535634472
0.000001692553385
0.000084152177496
0.000029525320843
0.000004451861793
0.000004493245597
0.000002159098911
0.000428564119034
0.000077505810647
0.000000176492522
0.000068759831706
0.000001707211178
0.000008239327601
0.000191054003678
0.000007570733661
0.000317623506492
0.000142041878209
0.000001156009107
0.000095778002023
0.000033392544113
0.000008331683055
0.000010700579390
0.000013804127596
0.000019514474925
0.000001168191979
0.000255138305515
0.000018847575672
0.000008633006046
0.000006556373185
0.000579417838945
0.000185500444929
0.000795432627950
0.000011653705456
0.000202588998890
0.000696290555086
0.000057110044874
0.000052953871280
0.000001047041250
0.000240027785867
0.000001539075132
0.000050012612094
0.000012630100004
0.000280215205945
0.000834213702272
0.000209324618240
0.000036863288366
0.000042232294262
0.000276499988801
0.000092622821449
0.000068755499027
0.000027138035413
0.000090615590652
0.000536155582590
0.000088077362229
0.003857931464386
0.000207349231676
0.000265750160646
0.002288604783968
0.006781564486335
0.007487474007741
0.006969288106641
0.001205095887853
0.016726439463472
0.087754086394437
0.000000197723108
0.000000008521499
0.000000008521499
0.000000008521499
0.000000008521499
0.000000008521499
0.000000008521499
0.000000008521499
0.000000008521499
0.000000008521499
0.000000008521499
0.000000008521499
0.000000008521499
0.000000008521499
0.000000008521499
0.000000008521499
0.000000008521499
0.000000008521499
0.000000008521499
0.000000008521499
0.000000008521499
0.000000008521499
0.000000008521499
0.000000008521499
0.000000008521499
0.000000008521499
0.000000008521499
0.000000008521499
0.000000008521499
0.000000008521499
0.000000008521499
0.000000008521499
0.000000008521499
0.000000008521499
0.000000008521499
0.000000008521499
0.000000008521499
0.000000008521499
0.000000008521499
0.000000008521499
0.000000008521499
0.000000008521499
0.000000008521499
0.000000008521499
0.000000008521499
0.000000008521499
0.000000008521499
0.000000008521499
0.000000008521499
0.000000008521499
0.000000008521499
0.000000008521499
0.000000008521499
0.000000008521499
0.000000008521499
0.000000008521499
0.000000008521499
0.000000008521499
0.000000008521499
0.000000008521499
0.000000008521499
0.000000008521499
0.000000008521499
0.000000008521499
0.000000008521499
0.000000008521499
0.000000008521499
0.000000008521499
0.000000008521499
0.000000008521499
0.000000008521499
0.000000008521499
0.000000008521499
0.000000008521499
0.000000008521499
0.000000008521499
0.000000008521499
0.000000008521499
0.000000008521499
